Baseline:
[0.74621546 0.7076505  0.6729473  0.7076505  0.69600344 0.7314775
 0.766521   0.766521   0.766521   0.7560532  0.7560532  0.766521
 0.78234214 0.74621546 0.75812125 0.72158706 0.75812125 0.7966747
 0.8090991  0.854929   0.90047884 0.88382447 0.9249438  0.9062116
 0.94716716 0.94716716]
Returns:
[-1.89602948 -1.87239547 -1.8626835  -1.84470788 -1.85517327 -1.83184904
 -1.79145782 -1.73404686 -1.67361427 -1.65875323 -1.60523523 -1.57054726
 -1.52421981 -1.46570663 -1.41675389 -1.35852513 -1.28738865 -1.19714971
 -1.11082475 -0.98436598 -0.8345962  -0.70444651 -0.53554506 -0.38515725
 -0.19564581]
Advants:
[-1.78891368 -1.73381705 -1.69573559 -1.71985379 -1.72665578 -1.74784511
 -1.7521415  -1.70342063 -1.65054937 -1.63264265 -1.58552381 -1.56749882
 -1.54277204 -1.45147703 -1.41691409 -1.32191593 -1.28598823 -1.23126594
 -1.15178416 -1.062605   -0.94588312 -0.78097178 -0.62958787 -0.42962496
 -0.2430042 ]
Mus:
[[0.25696608 0.27280056 0.2500919  0.2201414 ]
 [0.25605038 0.27073014 0.2528868  0.22033265]
 [0.25560227 0.26847625 0.255111   0.22081047]
 [0.25605038 0.27073014 0.2528868  0.22033265]
 [0.25527823 0.27115825 0.2531449  0.22041859]
 [0.2560523  0.27317333 0.25027758 0.22049676]
 [0.25709718 0.2749477  0.24724294 0.2207122 ]
 [0.25709718 0.2749477  0.24724294 0.2207122 ]
 [0.25709718 0.2749477  0.24724294 0.2207122 ]
 [0.2562672  0.27548006 0.24728444 0.22096835]
 [0.2562672  0.27548006 0.24728444 0.22096835]
 [0.25709718 0.2749477  0.24724294 0.2207122 ]
 [0.25748262 0.27501577 0.24782099 0.21968059]
 [0.25696608 0.27280056 0.2500919  0.2201414 ]
 [0.2574822  0.27274606 0.2502805  0.21949127]
 [0.2570938  0.27074558 0.25239378 0.2197668 ]
 [0.2574822  0.27274606 0.2502805  0.21949127]
 [0.2577019  0.27532676 0.24815924 0.21881211]
 [0.2583469  0.2762402  0.24751526 0.21789771]
 [0.25882447 0.2787865  0.24464741 0.21774161]
 [0.25861856 0.28220642 0.2415794  0.21759559]
 [0.2578627  0.28150547 0.24215011 0.21848173]
 [0.25779495 0.28501284 0.23922966 0.21796256]
 [0.25680903 0.28386763 0.23996964 0.2193537 ]
 [0.25630412 0.2866494  0.23789486 0.21915166]]
Actions:
[[0. 0. 0. 1.]
 [0. 0. 0. 1.]
 [0. 1. 0. 0.]
 [0. 0. 1. 0.]
 [0. 1. 0. 0.]
 [0. 1. 0. 0.]
 [0. 1. 0. 0.]
 [0. 1. 0. 0.]
 [0. 0. 1. 0.]
 [0. 1. 0. 0.]
 [1. 0. 0. 0.]
 [1. 0. 0. 0.]
 [0. 0. 0. 1.]
 [1. 0. 0. 0.]
 [0. 0. 0. 1.]
 [0. 1. 0. 0.]
 [0. 1. 0. 0.]
 [1. 0. 0. 0.]
 [0. 1. 0. 0.]
 [0. 1. 0. 0.]
 [0. 0. 1. 0.]
 [0. 1. 0. 0.]
 [0. 0. 1. 0.]
 [0. 1. 0. 0.]
 [0. 0. 0. 1.]]
States:
[[0.2 0.3]
 [0.2 0.2]
 [0.2 0.1]
 [0.2 0.2]
 [0.1 0.2]
 [0.1 0.3]
 [0.1 0.4]
 [0.1 0.4]
 [0.1 0.4]
 [0.  0.4]
 [0.  0.4]
 [0.1 0.4]
 [0.2 0.4]
 [0.2 0.3]
 [0.3 0.3]
 [0.3 0.2]
 [0.3 0.3]
 [0.3 0.4]
 [0.4 0.4]
 [0.4 0.5]
 [0.4 0.6]
 [0.3 0.6]
 [0.3 0.7]
 [0.2 0.7]
 [0.2 0.8]]
Logstds:
[[0. 0. 0. 0.]
 [0. 0. 0. 0.]
 [0. 0. 0. 0.]
 [0. 0. 0. 0.]
 [0. 0. 0. 0.]
 [0. 0. 0. 0.]
 [0. 0. 0. 0.]
 [0. 0. 0. 0.]
 [0. 0. 0. 0.]
 [0. 0. 0. 0.]
 [0. 0. 0. 0.]
 [0. 0. 0. 0.]
 [0. 0. 0. 0.]
 [0. 0. 0. 0.]
 [0. 0. 0. 0.]
 [0. 0. 0. 0.]
 [0. 0. 0. 0.]
 [0. 0. 0. 0.]
 [0. 0. 0. 0.]
 [0. 0. 0. 0.]
 [0. 0. 0. 0.]
 [0. 0. 0. 0.]
 [0. 0. 0. 0.]
 [0. 0. 0. 0.]
 [0. 0. 0. 0.]]
