Baseline:
[0.7391031  0.70075816 0.66619843 0.70075816 0.68920267 0.7244145
 0.7592436  0.7592436  0.7592436  0.74886256 0.74886256 0.7592436
 0.77496994 0.7391031  0.7509125  0.71457446 0.7509125  0.789217
 0.8012682  0.846671   0.89196193 0.8753663  0.91598797 0.8973721
 0.938051   0.938051  ]
Returns:
[-1.91945673 -1.89531629 -1.88516383 -1.86683986 -1.87699591 -1.85329888
 -1.81247671 -1.75457611 -1.69362811 -1.67832128 -1.62427806 -1.58850468
 -1.54099277 -1.48159708 -1.43134508 -1.3721004  -1.30007535 -1.20886809
 -1.12094497 -0.99329577 -0.84222234 -0.71072504 -0.54038333 -0.3885195
 -0.19745398]
Advants:
[-1.80306242 -1.74799056 -1.70994058 -1.73390821 -1.74085604 -1.76178535
 -1.76582336 -1.71701764 -1.6640543  -1.64623679 -1.59906294 -1.58033985
 -1.5548086  -1.4633869  -1.42792342 -1.3326174  -1.29612696 -1.24071619
 -1.15977602 -1.0694859  -0.95170286 -0.78600684 -0.63317225 -0.43233643
 -0.24435651]
Mus:
[[0.25696608 0.27280056 0.2500919  0.2201414 ]
 [0.25605038 0.27073014 0.2528868  0.22033265]
 [0.25560227 0.26847625 0.255111   0.22081047]
 [0.25605038 0.27073014 0.2528868  0.22033265]
 [0.25527823 0.27115825 0.2531449  0.22041859]
 [0.2560523  0.27317333 0.25027758 0.22049676]
 [0.25709718 0.2749477  0.24724294 0.2207122 ]
 [0.25709718 0.2749477  0.24724294 0.2207122 ]
 [0.25709718 0.2749477  0.24724294 0.2207122 ]
 [0.2562672  0.27548006 0.24728444 0.22096835]
 [0.2562672  0.27548006 0.24728444 0.22096835]
 [0.25709718 0.2749477  0.24724294 0.2207122 ]
 [0.25748262 0.27501577 0.24782099 0.21968059]
 [0.25696608 0.27280056 0.2500919  0.2201414 ]
 [0.2574822  0.27274606 0.2502805  0.21949127]
 [0.2570938  0.27074558 0.25239378 0.2197668 ]
 [0.2574822  0.27274606 0.2502805  0.21949127]
 [0.2577019  0.27532676 0.24815924 0.21881211]
 [0.2583469  0.2762402  0.24751526 0.21789771]
 [0.25882447 0.2787865  0.24464741 0.21774161]
 [0.25861856 0.28220642 0.2415794  0.21759559]
 [0.2578627  0.28150547 0.24215011 0.21848173]
 [0.25779495 0.28501284 0.23922966 0.21796256]
 [0.25680903 0.28386763 0.23996964 0.2193537 ]
 [0.25630412 0.2866494  0.23789486 0.21915166]]
Actions:
[[0. 0. 0. 1.]
 [0. 0. 0. 1.]
 [0. 1. 0. 0.]
 [0. 0. 1. 0.]
 [0. 1. 0. 0.]
 [0. 1. 0. 0.]
 [0. 1. 0. 0.]
 [0. 1. 0. 0.]
 [0. 0. 1. 0.]
 [0. 1. 0. 0.]
 [1. 0. 0. 0.]
 [1. 0. 0. 0.]
 [0. 0. 0. 1.]
 [1. 0. 0. 0.]
 [0. 0. 0. 1.]
 [0. 1. 0. 0.]
 [0. 1. 0. 0.]
 [1. 0. 0. 0.]
 [0. 1. 0. 0.]
 [0. 1. 0. 0.]
 [0. 0. 1. 0.]
 [0. 1. 0. 0.]
 [0. 0. 1. 0.]
 [0. 1. 0. 0.]
 [0. 0. 0. 1.]]
States:
[[0.2 0.3]
 [0.2 0.2]
 [0.2 0.1]
 [0.2 0.2]
 [0.1 0.2]
 [0.1 0.3]
 [0.1 0.4]
 [0.1 0.4]
 [0.1 0.4]
 [0.  0.4]
 [0.  0.4]
 [0.1 0.4]
 [0.2 0.4]
 [0.2 0.3]
 [0.3 0.3]
 [0.3 0.2]
 [0.3 0.3]
 [0.3 0.4]
 [0.4 0.4]
 [0.4 0.5]
 [0.4 0.6]
 [0.3 0.6]
 [0.3 0.7]
 [0.2 0.7]
 [0.2 0.8]]
Logstds:
[[0. 0. 0. 0.]
 [0. 0. 0. 0.]
 [0. 0. 0. 0.]
 [0. 0. 0. 0.]
 [0. 0. 0. 0.]
 [0. 0. 0. 0.]
 [0. 0. 0. 0.]
 [0. 0. 0. 0.]
 [0. 0. 0. 0.]
 [0. 0. 0. 0.]
 [0. 0. 0. 0.]
 [0. 0. 0. 0.]
 [0. 0. 0. 0.]
 [0. 0. 0. 0.]
 [0. 0. 0. 0.]
 [0. 0. 0. 0.]
 [0. 0. 0. 0.]
 [0. 0. 0. 0.]
 [0. 0. 0. 0.]
 [0. 0. 0. 0.]
 [0. 0. 0. 0.]
 [0. 0. 0. 0.]
 [0. 0. 0. 0.]
 [0. 0. 0. 0.]
 [0. 0. 0. 0.]]
