Baseline:
[-11.10728168 -10.77632236 -10.44597912 -10.15914249  -9.87450123
  -9.55386066  -9.27914429  -9.5959444   -9.32252407  -9.00596142
  -8.69007874  -8.37493896   0.        ]
Returns:
[-10.05385111  -9.09991664  -8.16927904  -7.45615301  -6.75853375
  -5.86865629  -5.21311216  -4.30589203  -3.5366284   -2.5648834
  -1.61623922  -0.69151103]
Advants:
[0.18413512 0.78490503 1.37966835 1.81313975 2.24668407 2.85584454
 3.29177503 4.61344835 5.23059887 6.03768565 6.85486182 7.68342793]
Mus:
[[0.25602612 0.27602908 0.2717875  0.19615735]
 [0.25677955 0.27203348 0.2734272  0.19775978]
 [0.25725248 0.26884857 0.2747546  0.19914436]
 [0.2526539  0.2689793  0.27774104 0.20062578]
 [0.24827895 0.26860222 0.2809211  0.20219773]
 [0.24881975 0.26536024 0.2818042  0.20401584]
 [0.24464242 0.26394394 0.28564692 0.20576672]
 [0.24530363 0.26698428 0.2842916  0.20342048]
 [0.24178542 0.2653497  0.2881169  0.20474795]
 [0.24081329 0.26245892 0.28949165 0.20723614]
 [0.2399224  0.26025698 0.29062265 0.20919794]
 [0.23914075 0.25845698 0.2918959  0.21050641]]
Actions:
[[0. 0. 0. 1.]
 [0. 0. 0. 1.]
 [0. 0. 1. 0.]
 [0. 0. 1. 0.]
 [0. 0. 0. 1.]
 [0. 0. 1. 0.]
 [0. 1. 0. 0.]
 [0. 0. 1. 0.]
 [0. 0. 0. 1.]
 [0. 0. 0. 1.]
 [0. 0. 0. 1.]
 [0. 0. 1. 0.]]
States:
[[0.4 0.5]
 [0.4 0.4]
 [0.4 0.3]
 [0.3 0.3]
 [0.2 0.3]
 [0.2 0.2]
 [0.1 0.2]
 [0.1 0.3]
 [0.  0.3]
 [0.  0.2]
 [0.  0.1]
 [0.  0. ]]
Logstds:
[[0. 0. 0. 0.]
 [0. 0. 0. 0.]
 [0. 0. 0. 0.]
 [0. 0. 0. 0.]
 [0. 0. 0. 0.]
 [0. 0. 0. 0.]
 [0. 0. 0. 0.]
 [0. 0. 0. 0.]
 [0. 0. 0. 0.]
 [0. 0. 0. 0.]
 [0. 0. 0. 0.]
 [0. 0. 0. 0.]]
